INSULATION  LOOM  WISE  NET  CREATION  LOGIC WITH DATA LENGTHS (PACKET SERIALIZATION FOR 1024 BYTES) : FOR HARNESS (PIN TO PIN DATA)

[2026-07-17 11:29:55.237] UART Packet 0
[2026-07-17 11:29:55.237] Size : 606 Bytes
[2026-07-17 11:29:55.237] 2f 2f 00 00 02 58 00 00 00 da 00 1b 00 00 00 04 01 01 03 01 00 01 00 04 01 02 03 02 00 02 00 04 01 03 03 03 00 03 00 04 01 04 03 04 00 04 00 04 01 05 03 05 00 05 00 04 01 06 03 06 00 06 00 04 01 07 03 07 00 07 00 04 01 08 03 08 00 08 00 04 01 09 03 09 00 09 00 04 01 0a 03 0a 00 0a 00 04 01 0b 03 0b 00 0b 00 04 01 0c 03 0c 00 0c 00 04 01 0d 03 0d 00 0d 00 04 01 0e 03 0e 00 0e 00 04 01 0f 03 0f 00 0f 00 04 01 10 03 10 00 10 00 04 01 11 03 11 00 11 00 04 01 12 03 12 00 12 00 04 01 13 03 13 00 13 00 04 01 14 03 14 00 14 00 04 01 15 03 15 00 15 00 04 01 16 03 16 00 16 00 04 01 17 03 17 00 17 00 04 01 18 03 18 00 18 00 04 01 19 03 19 00 19 00 04 01 1a 03 1a 00 1a 00 04 01 1b 03 1b 00 01 00 cc 00 19 00 00 00 04 05 01 07 01 00 01 00 04 05 02 07 02 00 02 00 04 05 03 07 03 00 03 00 04 05 04 07 04 00 04 00 04 05 05 07 05 00 05 00 04 05 06 07 06 00 06 00 04 05 07 07 07 00 07 00 04 05 08 07 08 00 08 00 04 05 09 07 09 00 09 00 04 05 0a 07 0a 00 0a 00 04 05 0b 07 0b 00 0b 00 04 05 0c 07 0c 00 0c 00 04 05 0d 07 0d 00 0d 00 04 05 0e 07 0e 00 0e 00 04 05 0f 07 0f 00 0f 00 04 05 10 07 10 00 10 00 04 05 11 07 11 00 11 00 04 05 12 07 12 00 12 00 04 05 13 07 13 00 13 00 04 05 14 07 14 00 14 00 04 05 15 07 15 00 15 00 04 05 16 07 16 00 16 00 04 05 17 09 29 00 17 00 04 05 18 07 18 00 18 00 06 05 19 07 1a 05 1a 00 02 00 a6 00 0f 00 00 00 1a 09 01 0b 01 09 02 09 03 09 04 09 05 09 06 09 07 09 08 09 09 09 0a 09 1b 09 1c 00 01 00 1a 09 0b 0b 0b 09 0c 09 0d 09 0e 09 0f 09 10 09 11 09 12 09 13 09 14 09 1d 09 1e 00 02 00 04 09 15 0b 15 00 03 00 04 09 16 0b 16 00 04 00 04 09 17 0b 17 00 05 00 04 09 18 0b 18 00 06 00 04 09 1a 0b 1a 00 07 00 04 09 20 0b 20 00 08 00 04 09 21 0b 21 00 09 00 04 09 22 0b 22 00 0a 00 04 09 23 0b 23 00 0b 00 04 09 24 0b 24 00 0c 00 04 09 26 0b 26 00 0d 00 04 09 29 07 18 00 0e 00 04 09 2b 09 2c
[2026-07-17 11:29:55.237] --------------------------------
[2026-07-17 11:29:55.237] UART Packet 1
[2026-07-17 11:29:55.237] Size : 870 Bytes
[2026-07-17 11:29:55.237] 2f 2f 00 01 03 60 00 03 02 48 00 47 00 00 00 04 0d 01 0f 01 00 01 00 04 0d 02 0f 02 00 02 00 04 0d 03 0f 03 00 03 00 04 0d 04 0f 04 00 04 00 04 0d 05 0f 05 00 05 00 04 0d 06 0f 06 00 06 00 04 0d 07 0f 07 00 07 00 04 0d 08 0f 08 00 08 00 04 0d 09 0f 09 00 09 00 04 0d 0a 0f 0a 00 0a 00 04 0d 0b 0f 0b 00 0b 00 04 0d 0c 0f 0c 00 0c 00 04 0d 0d 0f 0d 00 0d 00 04 0d 0e 0f 0e 00 0e 00 04 0d 0f 0f 0f 00 0f 00 04 0d 10 0f 10 00 10 00 04 0d 11 0f 11 00 11 00 04 0d 12 0f 12 00 12 00 04 0d 13 0f 13 00 13 00 04 0d 14 0f 14 00 14 00 04 0d 15 0f 15 00 15 00 06 0d 17 0f 17 0d 3e 00 16 00 04 0d 18 0f 18 00 17 00 04 0d 19 0f 19 00 18 00 04 0d 1a 0f 1a 00 19 00 04 0d 1b 0f 1b 00 1a 00 04 0d 1c 0f 1c 00 1b 00 04 0d 1d 0f 1d 00 1c 00 04 0d 1e 0f 1e 00 1d 00 04 0d 1f 0f 1f 00 1e 00 04 0d 20 0f 20 00 1f 00 04 0d 21 0f 21 00 20 00 04 0d 22 0f 22 00 21 00 04 0d 23 0f 23 00 22 00 04 0d 24 0f 24 00 23 00 04 0d 25 0f 25 00 24 00 04 0d 26 0f 26 00 25 00 04 0d 27 0f 27 00 26 00 04 0d 28 0f 28 00 27 00 04 0d 29 0f 29 00 28 00 04 0d 2a 0f 2a 00 29 00 04 0d 2b 0f 2b 00 2a 00 04 0d 2c 0f 2c 00 2b 00 04 0d 2d 0f 2d 00 2c 00 04 0d 2e 0f 2e 00 2d 00 04 0d 2f 0f 2f 00 2e 00 06 0d 31 0f 31 0d 35 00 2f 00 04 0d 32 0f 32 00 30 00 04 0d 33 0f 33 00 31 00 04 0d 36 0f 36 00 32 00 04 0d 37 0f 37 00 33 00 04 0d 38 0f 38 00 34 00 06 0d 39 0f 39 0d 3a 00 35 00 04 0d 3b 0f 3b 00 36 00 04 0d 3c 0f 3c 00 37 00 04 0d 3f 0f 3f 00 38 00 04 0d 40 0f 40 00 39 00 04 0e 01 10 01 00 3a 00 0c 0e 02 10 02 0e 03 10 07 10 0c 10 11 00 3b 00 04 0e 04 10 04 00 3c 00 04 0e 05 10 05 00 3d 00 04 0e 06 10 06 00 3e 00 04 0e 09 10 09 00 3f 00 04 0e 0a 10 0a 00 40 00 04 0e 0b 10 0b 00 41 00 04 0e 0e 10 0e 00 42 00 04 0e 0f 10 0f 00 43 00 04 0e 10 10 10 00 44 00 04 0e 13 10 13 00 45 00 04 0e 14 10 14 00 46 00 04 0e 16 10 16 00 04 00 8c 00 11 00 00 00 04 11 01 13 01 00 01 00 04 11 02 13 02 00 02 00 04 11 03 13 03 00 03 00 04 11 04 13 04 00 04 00 04 11 05 13 05 00 05 00 04 11 06 13 06 00 06 00 04 11 07 13 07 00 07 00 04 11 08 13 08 00 08 00 04 11 09 13 09 00 09 00 04 11 0a 13 0a 00 0a 00 04 11 0b 13 0b 00 0b 00 04 11 0c 13 0c 00 0c 00 06 11 0e 13 0e 11 14 00 0d 00 04 11 0f 13 0f 00 0e 00 04 11 10 13 10 00 0f 00 04 11 11 13 11 00 10 00 04 11 12 13 12 00 05 00 52 00 0a 00 00 00 04 15 01 17 01 00 01 00 04 15 02 17 02 00 02 00 04 15 03 17 03 00 03 00 04 15 04 17 04 00 04 00 04 15 05 17 05 00 05 00 04 15 06 17 06 00 06 00 04 15 07 17 07 00 07 00 04 15 08 17 08 00 08 00 04 15 09 17 09 00 09 00 04 15 0a 17 0a 00 06 00 2a 00 05 00 00 00 04 19 01 1b 01 00 01 00 04 19 02 1b 02 00 02 00 04 19 03 1b 03 00 03 00 04 19 04 1b 04 00 04 00 04 19 06 1b 06



HUMAN READABLE DIVISIONS PART-I

[2026-07-17 11:29:55.237] --------------------------------
[2026-07-17 11:29:55.237] UART Packet 0
[2026-07-17 11:29:55.237] Size : 606 Bytes
[2026-07-17 11:29:55.237] 
2f 2f  //Header
00 00 //Packet No
02 58 //Packet data length
00 00 //Loom No
00 da //Loom Data Length
00 1b //No Of Nets
00 00 //Net Number
00 04 //Net data length
01 01 03 01 //data
00 01
00 04
01 02 03 02
00 02 
00 04 
01 03 03 03 
00 03 
00 04 
01 04 03 04 
00 04 
00 04 
01 05 03 05 
00 05 
00 04 
01 06 03 06 
00 06 
00 04 
01 07 03 07 
00 07 
00 04 
01 08 03 08 
00 08 
00 04 
01 09 03 09 
00 09 
00 04 
01 0a 03 0a 
00 0a 
00 04 
01 0b 03 0b
00 0b 
00 04 
01 0c 03 0c 
00 0c 
00 04 
01 0d 03 0d 
00 0d 
00 04 
01 0e 03 0e 
00 0e 
00 04 
01 0f 03 0f 
00 0f 
00 04 
01 10 03 10 
00 10 
00 04 
01 11 03 11 
00 11 
00 04 
01 12 03 12 
00 12 
00 04 
01 13 03 13 
00 13 
00 04 
01 14 03 14 
00 14 
00 04 
01 15 03 15 
00 15 
00 04 
01 16 03 16 
00 16 
00 04 
01 17 03 17 
00 17 
00 04 
01 18 03 18 
00 18 
00 04 
01 19 03 19
00 19 
00 04 
01 1a 03 1a
 00 1a 
00 04 
01 1b 03 1b

00 01
00 cc 
00 19 00 00 00 04 05 01 07 01 00 01 00 04 05 02 07 02 00 02 00 04 05 03 07 03 00 03 00 04 05 04 07 04 00 04 00 04 05 05 07 05 00 05 00 04 05 06 07 06 00 06 00 04 05 07 07 07 00 07 00 04 05 08 07 08 00 08 00 04 05 09 07 09 00 09 00 04 05 0a 07 0a 00 0a 00 04 05 0b 07 0b 00 0b 00 04 05 0c 07 0c 00 0c 00 04 05 0d 07 0d 00 0d 00 04 05 0e 07 0e 00 0e 00 04 05 0f 07 0f 00 0f 00 04 05 10 07 10 00 10 00 04 05 11 07 11 00 11 00 04 05 12 07 12 00 12 00 04 05 13 07 13 00 13 00 04 05 14 07 14 00 14 00 04 05 15 07 15 00 15 00 04 05 16 07 16 00 16 00 04 05 17 09 29 00 17 00 04 05 18 07 18 00 18 00 06 05 19 07 1a 05 1a

00 02
00 a6
00 0f 00 00 00 1a 09 01 0b 01 09 02 09 03 09 04 09 05 09 06 09 07 09 08 09 09 09 0a 09 1b 09 1c 00 01 00 1a 09 0b 0b 0b 09 0c 09 0d 09 0e 09 0f 09 10 09 11 09 12 09 13 09 14 09 1d 09 1e 00 02 00 04 09 15 0b 15 00 03 00 04 09 16 0b 16 00 04 00 04 09 17 0b 17 00 05 00 04 09 18 0b 18 00 06 00 04 09 1a 0b 1a 00 07 00 04 09 20 0b 20 00 08 00 04 09 21 0b 21 00 09 00 04 09 22 0b 22 00 0a 00 04 09 23 0b 23 00 0b 00 04 09 24 0b 24 00 0c 00 04 09 26 0b 26 00 0d 00 04 09 29 07 18 00 0e 00 04 09 2b 09 2c

[2026-07-17 11:29:55.237] --------------------------------
[2026-07-17 11:29:55.237] UART Packet 1
[2026-07-17 11:29:55.237] Size : 870 Bytes
[2026-07-17 11:29:55.237] 2f 2f 00 01 03 60 00 03 02 48 00 47 00 00 00 04 0d 01 0f 01 00 01 00 04 0d 02 0f 02 00 02 00 04 0d 03 0f 03 00 03 00 04 0d 04 0f 04 00 04 00 04 0d 05 0f 05 00 05 00 04 0d 06 0f 06 00 06 00 04 0d 07 0f 07 00 07 00 04 0d 08 0f 08 00 08 00 04 0d 09 0f 09 00 09 00 04 0d 0a 0f 0a 00 0a 00 04 0d 0b 0f 0b 00 0b 00 04 0d 0c 0f 0c 00 0c 00 04 0d 0d 0f 0d 00 0d 00 04 0d 0e 0f 0e 00 0e 00 04 0d 0f 0f 0f 00 0f 00 04 0d 10 0f 10 00 10 00 04 0d 11 0f 11 00 11 00 04 0d 12 0f 12 00 12 00 04 0d 13 0f 13 00 13 00 04 0d 14 0f 14 00 14 00 04 0d 15 0f 15 00 15 00 06 0d 17 0f 17 0d 3e 00 16 00 04 0d 18 0f 18 00 17 00 04 0d 19 0f 19 00 18 00 04 0d 1a 0f 1a 00 19 00 04 0d 1b 0f 1b 00 1a 00 04 0d 1c 0f 1c 00 1b 00 04 0d 1d 0f 1d 00 1c 00 04 0d 1e 0f 1e 00 1d 00 04 0d 1f 0f 1f 00 1e 00 04 0d 20 0f 20 00 1f 00 04 0d 21 0f 21 00 20 00 04 0d 22 0f 22 00 21 00 04 0d 23 0f 23 00 22 00 04 0d 24 0f 24 00 23 00 04 0d 25 0f 25 00 24 00 04 0d 26 0f 26 00 25 00 04 0d 27 0f 27 00 26 00 04 0d 28 0f 28 00 27 00 04 0d 29 0f 29 00 28 00 04 0d 2a 0f 2a 00 29 00 04 0d 2b 0f 2b 00 2a 00 04 0d 2c 0f 2c 00 2b 00 04 0d 2d 0f 2d 00 2c 00 04 0d 2e 0f 2e 00 2d 00 04 0d 2f 0f 2f 00 2e 00 06 0d 31 0f 31 0d 35 00 2f 00 04 0d 32 0f 32 00 30 00 04 0d 33 0f 33 00 31 00 04 0d 36 0f 36 00 32 00 04 0d 37 0f 37 00 33 00 04 0d 38 0f 38 00 34 00 06 0d 39 0f 39 0d 3a 00 35 00 04 0d 3b 0f 3b 00 36 00 04 0d 3c 0f 3c 00 37 00 04 0d 3f 0f 3f 00 38 00 04 0d 40 0f 40 00 39 00 04 0e 01 10 01 00 3a 00 0c 0e 02 10 02 0e 03 10 07 10 0c 10 11 00 3b 00 04 0e 04 10 04 00 3c 00 04 0e 05 10 05 00 3d 00 04 0e 06 10 06 00 3e 00 04 0e 09 10 09 00 3f 00 04 0e 0a 10 0a 00 40 00 04 0e 0b 10 0b 00 41 00 04 0e 0e 10 0e 00 42 00 04 0e 0f 10 0f 00 43 00 04 0e 10 10 10 00 44 00 04 0e 13 10 13 00 45 00 04 0e 14 10 14 00 46 00 04 0e 16 10 16 00 04 00 8c 00 11 00 00 00 04 11 01 13 01 00 01 00 04 11 02 13 02 00 02 00 04 11 03 13 03 00 03 00 04 11 04 13 04 00 04 00 04 11 05 13 05 00 05 00 04 11 06 13 06 00 06 00 04 11 07 13 07 00 07 00 04 11 08 13 08 00 08 00 04 11 09 13 09 00 09 00 04 11 0a 13 0a 00 0a 00 04 11 0b 13 0b 00 0b 00 04 11 0c 13 0c 00 0c 00 06 11 0e 13 0e 11 14 00 0d 00 04 11 0f 13 0f 00 0e 00 04 11 10 13 10 00 0f 00 04 11 11 13 11 00 10 00 04 11 12 13 12 00 05 00 52 00 0a 00 00 00 04 15 01 17 01 00 01 00 04 15 02 17 02 00 02 00 04 15 03 17 03 00 03 00 04 15 04 17 04 00 04 00 04 15 05 17 05 00 05 00 04 15 06 17 06 00 06 00 04 15 07 17 07 00 07 00 04 15 08 17 08 00 08 00 04 15 09 17 09 00 09 00 04 15 0a 17 0a 00 06 00 2a 00 05 00 00 00 04 19 01 1b 01 00 01 00 04 19 02 1b 02 00 02 00 04 19 03 1b 03 00 03 00 04 19 04 1b 04 00 04 00 04 19 06 1b 06



